2092507338959688080
2092303493155401741
2092990531676586228
2092920054601990188
2092170113289982449 
2091948655955812636
2091918455431626950
2092567741035352111
2092537547465327027
2088838160042123746
2088634315429056870
2088581477059498162
2088490870467113142
2092275809507848214
2093347874637521119
2093307619293417482 
2093664963076542674
2093626264771059713
2093571850919882979
2093881388927758631
2094445103918064121
2094354506481803416
2094296624956944867
2094273978969784594
2094782325813027301
2094737026943975569
2094671595713245240
2094666567133143192
2094651468171354124 
2095174913535455314
2095164850326704388
2095159813244113193
2095049083207770570
2095522201445286369
2095512142342738273
2095446703277285510
2095814130133573895
2095793991811727437
2096040617272848598
2095929887492370838
2096418111599603989
2096901302189973902
2096780497070497873
2097228443482276164 
2097006987200590017
2097694012937511233
2097646196403900836
2097636130019561935
2097621030546047373
2097610977940582682
2097610977940582682
2097575732285174019
2097570698805866655
2097565668157866214
2097550572375441588
2097497719015092649
2098058916642853368
2097968319961936350
2097897856543932469 
2097792158086451558
2098237595356680208
2098230045919817908
2098773631707041829
2098713229967212896
2098645281285824867
2098572298403934644
2098486735433068618
2099113364198723800
2099015222149460096
2098985023726870581
2098947270364569847
2098834023221244133 
2099845691787112806
2099790325141176695
2099656946231988649
2100238284580622773
2100605698652422248
2100429536479306192
2100404372987330735
2101310346539753489 
2101189550819135890
2101536832957694154
2102689427604529224
2102981350919721227
2103353805022838919
2103343738604925084
2103298454344945902
2103477120697786837
2103386520573055094
2103378970763026662
2103334774849106396
2103801769684087013
2103726259385909697
2104133947626332344
2104123879446680000
2104063481544654958
2104035800966943114 
2104534085691662513
2104390643774542184
2104352888227283342
2104956870561604030
